206.6325
  334.5253
  300.2284
  328.9936
  307.4059
  248.7966
  234.6355
  183.9132
  159.6084
  169.1145
  123.3256
  148.1922
  159.7083
  104.0447
   96.3935
   92.4897
   93.0576
  116.3163
  135.6249
  120.6611
  100.0253
  109.7998
   85.8078
   81.5769
   73.7983
   65.9000
   62.5120
   62.9952
   57.6044
   54.2716
   44.5617
   42.2402
   21.9133
   18.0586
   20.5171
   22.5532
   24.1654
   26.8830
   22.7864
   34.5131
   27.8362
   27.7258
   21.7367
   20.8781
   19.7174
   14.9880
   14.8903
   19.3632
   23.4230
   27.7062
   17.8347
   16.8652
   15.5675
   15.5256

Paths(:,:,3) =

simBySolution

15-351