80.0000
   79.6263
   93.2979
   63.1451
   60.2213
   54.2113
   78.6114
   96.6261
  123.5584
  126.5875
  102.9870
   83.2387
   77.8567
   79.3565
   71.3876
   80.5413
   90.8709
   77.5246
  107.4194
  114.4328
  118.3999
  148.0710
  108.6207
  110.0402
  124.1150
  104.5409
   94.7576
   98.9002
  108.0691
  130.7592
  129.9744
  119.9150
   86.0303
   96.9892
   86.8928
  106.8895
  119.3219
  197.7045
  208.1930
  197.1636
  244.4438
  166.4752
  125.3896
  128.9036
  170.9818
  140.2719
  125.8948
   87.0324
   66.7637
   48.4280
   50.5766
   49.7841
   67.5690
   62.8776
   85.3896
   67.9608
   72.9804
   59.0174

15
Functions

15-352