50.1132
   45.2220
   59.5469
   58.4673
   98.4790
   90.0250
   80.3092
   86.9245
   88.1303
   95.4237
  104.4456
   99.1969
  168.3980
  146.8791
  150.0052
  129.7521
  127.1402
  113.3413
  145.2281
  153.1315
  125.7882
  111.9988
  112.7732
  118.9120
  150.9166
  120.0673
  128.2727
  185.9171
  204.3474
  194.5443
  163.2626
  183.9897
  233.4125
  318.9068
  356.0077
  380.4513
  446.9518
  484.9218
  377.4244
  470.3577
  454.5734
  297.0580
  339.0796

Times = 101×1

0
     1
     2
     3
     4
     5
     6
     7
     8
     9
    10

simBySolution

15-353