-0.1649
    1.1093
   -1.2141
    1.5326
   -0.2256
    0.0326
    1.5442
   -0.7423
   -0.6156
    0.8886
   -1.4224
   -0.1961
    0.1978
    0.6966
    0.2157
    0.1049
   -0.6669
   -1.9330
    0.8404
   -0.5445
    0.4900
   -0.1941
    1.3546
    0.1240
   -0.1977
    0.8252
   -0.4686
   -0.2779
   -0.3538
    0.5080
   -1.3337
   -0.2991
   -1.7502
   -0.9792
   -2.0026
   -0.0200
    1.0187
    1.3514
   -0.2938
    2.5260
   -1.2571
    0.7914
   -1.4491
    0.4517
   -0.4762
    0.4550
    0.5528
    1.2607
   -0.1952
    0.0230
    1.5270
    0.6252
    0.9492
    0.5152
   -0.1623
    1.6821
   -0.7120
   -0.2741

15
Functions

15-358