-0.3349
   -1.1176
   -0.0679
   -0.3031
    0.8261
   -0.2097
   -1.0298
    0.1352
   -0.9415
   -0.5320
   -0.4838
   -0.1922
   -0.2490
    1.2347
   -0.4446
   -0.2612
   -1.2507
   -0.5078
   -3.0292
   -1.0667
   -0.0290
   -0.0845
    0.0414
    0.2323
   -0.2365
    2.2294
   -1.6642
    0.4227
   -1.2128
    0.3271
   -0.6509
   -1.3218
   -0.0549
    0.3502
    0.2398
    1.1921
   -1.9488
    0.0012
    0.5812
    0.0799

Z(:,:,3) =

0.3188
    0.3426
   -1.3499
   -0.0631
   -0.1241
    1.4172
    0.7172
    1.0347
    0.2939
   -1.1471
   -2.9443
   -0.7549
   -0.1022
    0.3129

simBySolution

15-357