-1.0642
   -0.2296
   -0.1559
    0.4434
   -0.9480
   -0.3206
   -0.4570
    0.9337
    0.1825
    1.6039
   -0.7342
    0.4264
    2.0237
    0.3376
   -0.5900
   -1.6702
    0.0662
    1.0826
    0.2571
    0.9248
    0.9111
    1.2503
   -0.6904
   -1.6118
    1.0205
   -0.0708
   -2.1924
   -0.9485

N = 
N(:,:,1) =

3
     1
     2
     1
     0
     2
     0
     1
     3
     4
     2
     1
     0
     1
     1
     1
     1
     0
     0
     3
     2
     2
     1
     0
     1

simBySolution

15-359