0.5019
    0.3557
    0.2950
    0.3697
    0.2906
    0.2988
    0.3081
    0.3469
    0.3146
    0.3171
    0.3588
    0.3250
    0.3035
    0.2386
    0.2533
    0.2420
    0.2315
    0.2396
    0.2143
    0.2668
    0.2115
    0.1671
    0.1784
    0.1542
    0.2046
    0.1930
    0.2011
    0.2542
    0.3010
    0.3247
    0.3900
    0.4107
    0.3949
    0.4610
    0.5725
    0.5605
    0.4541
    0.5796
    0.8199
    0.5732
    0.5856
    0.7895
    0.6883
    0.6848
    0.9059
    1.0089
    0.8429
    0.9955
    0.9683
    0.8769
    0.7120
    0.7906
    0.7630
    1.2460
    1.1703
    1.2012
    1.1109
    1.1893

simBySolution

15-349