11
    12
    13
    14
      ⋮

Z = 
Z(:,:,1) =

-2.2588
   -1.3077
    3.5784
    3.0349
    0.7147
    1.4897
    0.6715
    1.6302
    0.7269
   -0.7873
   -1.0689
    1.4384
    1.3703
   -0.2414
   -0.8649
    0.6277
   -0.8637
   -1.1135
   -0.7697
    1.1174
    0.5525
    0.0859
   -1.0616
    0.7481
   -0.7648
    0.4882
    1.4193
    1.5877
    0.8351
   -1.1658
    0.7223
    0.1873
   -0.4390
   -0.8880
    0.3035
    0.7394
   -2.1384
   -1.0722
    1.4367
   -1.2078
    1.3790
   -0.2725
    0.7015
   -0.8236
    0.2820
    1.1275
    0.0229
   -0.2857

15
Functions

15-354