disp(Stats)

Measure              Value 
    ________________________    _______

{'Accuracy Ratio'      }    0.32225
    {'Area under ROC curve'}    0.66113
    {'KS statistic'        }    0.22324
    {'KS score'            }     499.18

disp(T(1:15,:))

Scores    ProbDefault    TrueBads    FalseBads    TrueGoods    FalseGoods    Sensitivity    F
    ______    ___________    ________    _________    _________    __________    ___________    _

369.4       0.7535          0           1           802          397                 0     0
    377.86      0.73107          1           1           802          396         0.0025189     0
    379.78       0.7258          2           1           802          395         0.0050378     0
    391.81      0.69139          3           1           802          394         0.0075567     0
    394.77      0.68259          3           2           801          394         0.0075567     0
    395.78      0.67954          4           2           801          393          0.010076     0
    396.95      0.67598          5           2           801          392          0.012594     0
    398.37      0.67167          6           2           801          391          0.015113     0
    401.26      0.66276          7           2           801          390          0.017632     0
    403.23      0.65664          8           2           801          389          0.020151     0
    405.09      0.65081          8           3           800          389          0.020151      
    405.15      0.65062         11           5           798          386          0.027708     0
    405.37      0.64991         11           6           797          386          0.027708      
    406.18      0.64735         12           6           797          385          0.030227      
    407.14      0.64433         13           6           797          384          0.032746

8
Credit Risk Analysis

8-86