Page 935
================================================================================

% Define totals structure
totals.totalsVec = [98 389 1165 1435 915 867 112];
totals.totalsMat = [
   88    9    1    0    0    0    0    0;
    0  368   19    2    0    0    0    0;
    1   21 1087   56    0    0    0    0;
    0    2   89 1289   45    8    0    2;
    0    0    1   60  776   73    2    3;
    0    0    1    7   88  715   39   17;
    0    0    0    1    3   34   61   13];
totals.algorithm = 'cohort';