1.0e+05 *

1.0000    1.0000    1.0000
    0.9936    0.9930    0.9943
    0.9932    0.9926    0.9939
    0.9930    0.9923    0.9937
    0.9927    0.9920    0.9935
    0.9926    0.9919    0.9933
    0.9924    0.9917    0.9932
    0.9923    0.9916    0.9931
    0.9922    0.9914    0.9930
    0.9921    0.9913    0.9929
    0.9920    0.9912    0.9928
    0.9919    0.9911    0.9927
    0.9918    0.9910    0.9926
    0.9917    0.9909    0.9925
    0.9915    0.9907    0.9923
    0.9912    0.9903    0.9921
    0.9908    0.9898    0.9919
    0.9904    0.9892    0.9916
    0.9899    0.9885    0.9913
    0.9892    0.9876    0.9909

display(dx(1:20,:))

637.2266  698.8750  572.6328
   40.4062   43.9297   36.7188
   27.1875   30.0938   24.1406
   20.7656   23.0781   18.3359
   15.9141   17.2109   14.5625
   14.8672   16.3125   13.3516
   13.3672   14.7891   11.8750
   12.1328   13.3828   10.8203
   10.8125   11.6094    9.9844
    9.4609    9.5781    9.3438
    8.6172    8.1328    9.1172
    9.2656    8.8359    9.7188
   12.5938   13.5078   11.6328
   19.1016   22.9844   15.0234
   27.6719   35.5938   19.3516
   36.6328   48.5703   24.0547
   45.0156   60.7109   28.4844
   53.1406   72.8906   32.2812
   60.8984   85.1172   35.2578
   68.3438   97.2266   37.6875

Plot the qx series and display the legend. The series qx is the conditional probability that a person at
age x will die between age x and the next age in the series.

plot(x,log(qx))
legend(series)

15
Functions

15-1142