D
a
t
e
s

D
JI

A
A

A
I
G

A
X
P

B
A

C C
A
T

D
D

D
I
S

G
E

G
M

H
D

H
O
N

H
P
Q

I
B
M

I
N
T
C

J
N
J

J
P
M

K
O

M
C
D

M
M
M

M
O

M
R
K

M
S
F
T

P
F
E

P
G

T U
T
X

V
Z

W
M
T

X
O
M

4 1/
6/
2
0
0
6

1.
0
9
5
9
e
+
0
4

2
9.
0
2
0
0

6
8.
8
9
0
0

5
1.
7
5
0
0

6
7.
5
7
0
0

4
4.
6
5
0
0

5
8.
4
3
0
0

4
0.
5
5
0
0

2
4.
5
2
0
0

3
3.
7
0
0
0

1
9.
6
1
0
0

3
8.
9
6
0
0

3
6.
5
3
0
0

2
9.
8
0
0
0

8
2.
9
6
0
0

2
5.
2
8
0
0

6
0.
0
1
0
0

3
7.
9
4
0
0

3
9.
4
7
0
0

3
3.
2
5
0
0

7
5.
4
7
0
0

5
2.
9
5
0
0

3
1.
0
8
0
0

2
6.
2
6
0
0

2
3.
1
6
0
0

5
6.
2
4
0
0

2
3.
2
1
0
0

5
4.
5
8
0
0

2
8.
0
1
0
0

4
4.
5
6
0
0

5
7.
5
7
0
0

5 1/
9/
2
0
0
6

1.
1
0
1
2
e
+
0
4

2
9.
3
7
0
0

6
8.
5
7
0
0

5
3.
0
4
0
0

6
7.
0
1
0
0

4
4.
4
3
0
0

5
9.
4
9
0
0

4
0.
3
2
0
0

2
4.
7
8
0
0

3
3.
6
1
0
0

2
1.
1
2
0
0

3
9.
3
8
0
0

3
6.
2
3
0
0

3
0.
1
7
0
0

8
1.
7
6
0
0

2
5.
4
4
0
0

6
0.
3
8
0
0

3
8.
5
5
0
0

3
9.
6
6
0
0

3
3.
8
8
0
0

7
5.
8
4
0
0

5
3.
1
1
0
0

3
1.
5
8
0
0

2
6.
2
1
0
0

2
3.
1
6
0
0

5
6.
6
7
0
0

2
3.
3
0
0
0

5
5.
2
0
0
0

2
8.
1
2
0
0

4
4.
4
0
0
0

5
7.
5
4
0
0

6 1/
1
0/
2
0
0
6

1.
1
0
1
2
e
+
0
4

2
8.
4
4
0
0

6
9.
1
8
0
0

5
2.
8
8
0
0

6
7.
3
3
0
0

4
4.
5
7
0
0

5
9.
2
5
0
0

4
0.
2
0
0
0

2
5.
0
9
0
0

3
3.
4
3
0
0

2
0.
7
9
0
0

4
0.
3
3
0
0

3
6.
1
7
0
0

3
0.
3
3
0
0

8
2.
1
0
0
0

2
5.
1
0
0
0

6
0.
4
9
0
0

3
8.
6
1
0
0

3
9.
7
0
0
0

3
3.
9
1
0
0

7
5.
3
7
0
0

5
3.
0
4
0
0

3
1.
2
7
0
0

2
6.
3
5
0
0

2
2.
7
7
0
0

5
6.
4
5
0
0

2
3.
1
6
0
0

5
5.
2
4
0
0

2
8.
2
4
0
0

4
4.
5
4
0
0

5
7.
9
9
0
0

7 1/
1
1/
2
0
0
6

1.
1
0
4
3
e
+
0
4

2
8.
0
5
0
0

6
9.
6
0
0
0

5
2.
5
9
0
0

6
8.
3
0
0
0

4
4.
9
8
0
0

5
9.
2
8
0
0

3
8.
8
7
0
0

2
5.
3
3
0
0

3
3.
6
6
0
0

2
0.
6
1
0
0

4
1.
4
4
0
0

3
6.
1
9
0
0

3
0.
8
8
0
0

8
2.
1
9
0
0

2
5.
1
2
0
0

5
9.
9
1
0
0

3
8.
5
8
0
0

3
9.
7
2
0
0

3
4.
5
0
0
0

7
5.
2
2
0
0

5
3.
3
1
0
0

3
1.
3
9
0
0

2
6.
6
3
0
0

2
3.
0
6
0
0

5
6.
6
5
0
0

2
3.
3
4
0
0

5
4.
4
1
0
0

2
8.
5
8
0
0

4
5.
2
3
0
0

5
8.
3
8
0
0

15
Functions

15-968