2.7694
    0.7254
   -0.2050
    1.4090
   -1.2075
    0.4889
   -0.3034
    0.8884
   -0.8095
    0.3252
   -1.7115
    0.3192
   -0.0301
    1.0933
    0.0774
   -0.0068
    0.3714
   -1.0891
    1.1006
   -1.4916
    2.3505
   -0.1924
   -1.4023
   -0.1774
    0.2916
   -0.8045
   -0.2437
   -1.1480
    2.5855
   -0.0825
   -1.7947
    0.1001
   -0.6003
    1.7119
   -0.8396
    0.9610
   -1.9609
    2.9080
   -1.0582
    1.0984
   -2.0518
   -1.5771
    0.0335
    0.3502
   -0.2620
   -0.8314
   -0.5336
    0.5201
   -0.7982
   -0.7145
   -0.5890
   -1.1201
    0.3075
   -0.1765
   -2.3299
    0.3914
    0.1837
   -1.3617

15
Functions

15-356