-1.1564
    0.9642
   -0.0348
   -0.1332
   -0.2248
   -0.8479
    1.6555
   -0.8655
   -1.3320
    0.3335
   -0.1303
    0.8620
   -0.8487
    1.0391
    0.6601
   -0.2176
    0.0513
    0.4669
    0.1832
    0.3071
    0.2614
   -0.1461
   -0.8757
   -1.1742
    1.5301
    1.6035
   -1.5062
    0.2761
    0.3919
   -0.7411
    0.0125
    1.2424
    0.3503
   -1.5651
    0.0983
   -0.0308
   -0.3728
   -2.2584
    1.0001
   -0.2781
    0.4716
    0.6524
    1.0061
   -0.9444
    0.0000
    0.5946
    0.9298
   -0.6516
   -0.0245
    0.8617
   -2.4863
   -2.3193

Z(:,:,2) =

0.8622
   -0.4336

simBySolution

15-355