ECMCovar = 12×12

0.0012    0.0005    0.0006    0.0005    0.0005    0.0003    0.0005    0.0003    0.0006    0.0
    0.0005    0.0024    0.0007    0.0006    0.0010    0.0004    0.0005    0.0003    0.0006    0.0
    0.0006    0.0007    0.0013    0.0007    0.0007    0.0003    0.0006    0.0004    0.0008    0.0
    0.0005    0.0006    0.0007    0.0009    0.0006    0.0002    0.0005    0.0003    0.0007    0.0
    0.0005    0.0010    0.0007    0.0006    0.0016    0.0006    0.0005    0.0003    0.0006    0.0
    0.0003    0.0004    0.0003    0.0002    0.0006    0.0022    0.0001    0.0002    0.0002    0.0
    0.0005    0.0005    0.0006    0.0005    0.0005    0.0001    0.0009    0.0003    0.0005    0.0
    0.0003    0.0003    0.0004    0.0003    0.0003    0.0002    0.0003    0.0005    0.0004    0.0
    0.0006    0.0006    0.0008    0.0007    0.0006    0.0002    0.0005    0.0004    0.0011    0.0
    0.0003    0.0004    0.0005    0.0004    0.0004    0.0001    0.0004    0.0003    0.0005    0.0
    0.0005    0.0006    0.0008    0.0005    0.0007    0.0003    0.0005    0.0004    0.0007    0.0
    0.0006    0.0012    0.0008    0.0007    0.0011    0.0016    0.0006    0.0004    0.0007    0.0
      ⋮

To evaluate the negative log-likelihood function for ecmnmle, use ecmnfish based on the current
maximum likelihood parameter estimates for ECMCovar.

Fisher = ecmnfish(Data,ECMCovar)

Fisher = 90×90
107 ×

0.0001    0.0000   -0.0000   -0.0000   -0.0000   -0.0000   -0.0000   -0.0000   -0.0000    0.0
    0.0000    0.0001   -0.0000    0.0000   -0.0000    0.0001    0.0000    0.0000    0.0000    0.0
   -0.0000   -0.0000    0.0002   -0.0000   -0.0000   -0.0000   -0.0000   -0.0000   -0.0000   -0.0
   -0.0000    0.0000   -0.0000    0.0003   -0.0000    0.0000   -0.0000   -0.0000   -0.0001   -0.0
   -0.0000   -0.0000   -0.0000   -0.0000    0.0001   -0.0000   -0.0000   -0.0000    0.0000   -0.0
   -0.0000    0.0001   -0.0000    0.0000   -0.0000    0.0002    0.0000   -0.0000    0.0000    0.0
   -0.0000    0.0000   -0.0000   -0.0000   -0.0000    0.0000    0.0002   -0.0001   -0.0000    0.0
   -0.0000    0.0000   -0.0000   -0.0000   -0.0000   -0.0000   -0.0001    0.0004   -0.0000   -0.0
   -0.0000    0.0000   -0.0000   -0.0001    0.0000    0.0000   -0.0000   -0.0000    0.0002   -0.0
    0.0000    0.0000   -0.0000   -0.0001   -0.0000    0.0001    0.0000   -0.0001   -0.0001    0.0
   -0.0000    0.0000   -0.0000    0.0000   -0.0000    0.0000   -0.0000   -0.0000   -0.0000   -0.0
   -0.0000   -0.0001   -0.0000   -0.0000   -0.0000   -0.0002   -0.0001    0.0000   -0.0000   -0.0
         0         0         0         0         0         0         0         0         0       
         0         0         0         0         0         0         0         0         0       
         0         0         0         0         0         0         0         0         0       
      ⋮

Input Arguments

Data — Data
matrix

Data, specified as an NUMSAMPLES-by-NUMSERIES matrix with NUMSAMPLES samples of a NUMSERIES-
dimensional random vector. Missing values are indicated by NaNs.

Data Types: double

Covariance — Maximum likelihood parameter estimates for covariance of Data
matrix

ecmnfish

15-885