D
a
t
e
s

D
JI

A
A

A
I
G

A
X
P

B
A

C C
A
T

D
D

D
I
S

G
E

G
M

H
D

H
O
N

H
P
Q

I
B
M

I
N
T
C

J
N
J

J
P
M

K
O

M
C
D

M
M
M

M
O

M
R
K

M
S
F
T

P
F
E

P
G

T U
T
X

V
Z

W
M
T

X
O
M

1
2

1/
1
9/
2
0
0
6

1.
0
8
8
1
e
+
0
4

2
8.
3
3
0
0

6
6.
9
2
0
0

5
1.
6
6
0
0

6
6.
4
2
0
0

4
4.
0
2
0
0

6
0.
6
6
0
0

3
7.
6
9
0
0

2
6.
0
0
0
0

3
2.
9
5
0
0

1
9.
1
0
0
0

3
9.
8
3
0
0

3
5.
8
8
0
0

3
1.
7
7
0
0

8
1.
1
4
0
0

2
1.
5
3
0
0

5
9.
6
0
0
0

3
7.
0
3
0
0

3
9.
0
1
0
0

3
4.
3
6
0
0

7
3.
8
1
0
0

5
2.
6
8
0
0

3
1.
2
6
0
0

2
6.
3
6
0
0

2
3.
2
7
0
0

5
6.
3
9
0
0

2
3.
1
8
0
0

5
4.
4
1
0
0

2
8.
0
7
0
0

4
4.
4
9
0
0

5
9.
5
7
0
0

1
3

1/
2
0/
2
0
0
6

1.
0
6
6
7
e
+
0
4

2
7.
6
7
0
0

6
5.
5
5
0
0

5
0.
4
9
0
0

6
4.
7
9
0
0

4
1.
9
5
0
0

5
8.
9
8
0
0

3
7.
3
4
0
0

2
5.
4
9
0
0

3
1.
7
0
0
0

1
8.
9
0
0
0

3
8.
7
6
0
0

3
4.
5
7
0
0

3
1.
2
8
0
0

7
9.
4
5
0
0

2
0.
9
1
0
0

5
8.
2
8
0
0

3
6.
0
7
0
0

3
8.
2
1
0
0

3
5.
0
1
0
0

7
2.
2
1
0
0

5
2.
1
8
0
0

3
1.
2
0
0
0

2
5.
7
7
0
0

2
3.
0
3
0
0

5
5.
7
4
0
0

2
3.
0
1
0
0

5
3.
4
6
0
0

2
7.
6
4
0
0

4
3.
7
1
0
0

5
8.
6
3
0
0

1
4

1/
2
3/
2
0
0
6

1.
0
6
8
9
e
+
0
4

2
8.
0
3
0
0

6
5.
4
6
0
0

5
0.
5
3
0
0

6
5.
3
0
0
0

4
2.
2
4
0
0

5
9.
2
3
0
0

3
7.
3
7
0
0

2
5.
2
9
0
0

3
1.
6
3
0
0

2
0.
6
0
0
0

3
8.
2
9
0
0

3
4.
7
8
0
0

3
0.
8
8
0
0

7
9.
5
0
0
0

2
0.
5
2
0
0

5
8.
6
6
0
0

3
6.
2
8
0
0

3
8.
6
0
0
0

3
4.
8
6
0
0

7
2.
6
5
0
0

5
2.
0
9
0
0

3
0.
8
0
0
0

2
5.
7
1
0
0

2
3.
1
9
0
0

5
5.
5
5
0
0

2
2.
7
7
0
0

5
2.
9
4
0
0

2
7.
6
9
0
0

4
3.
9
5
0
0

5
9.
2
8
0
0

1
5

1/
2
4/
2
0
0
6

1.
0
7
1
2
e
+
0
4

2
8.
1
6
0
0

6
5.
3
9
0
0

5
1.
8
9
0
0

6
5.
9
2
0
0

4
2.
2
5
0
0

5
9.
5
3
0
0

3
7.
0
9
0
0

2
5.
7
6
0
0

3
1.
3
2
0
0

2
1.
7
3
0
0

3
9.
0
3
0
0

3
5.
2
5
0
0

3
0.
9
1
0
0

7
8.
9
5
0
0

2
0.
4
5
0
0

5
6.
9
0
0
0

3
6.
1
3
0
0

3
8.
9
8
0
0

3
5.
0
0
0
0

7
1.
2
1
0
0

5
1.
7
4
0
0

3
0.
7
6
0
0

2
5.
6
4
0
0

2
2.
9
1
0
0

5
5.
7
7
0
0

2
2.
9
6
0
0

5
4.
8
6
0
0

2
7.
6
0
0
0

4
4.
4
1
0
0

5
9.
0
5
0
0

15
Functions

15-970