1.4346
    1.4040
    1.2365
    1.0834
    1.3315
    0.8100
    0.5558

Paths(:,:,2) =

80.0000
   81.2944
   71.3663
  108.8305
  111.4851
  105.4563
  160.2721
  125.3288
  158.3238
  138.8899
  157.9613
  125.6819
  149.8234
  126.0374
  182.5153
  195.0861
  273.1622
  306.2727
  301.3401
  312.2173
  298.2344
  327.6944
  288.9799
  394.8951
  551.4020
  418.2258
  404.1687
  469.3555
  606.4289
  615.7066
  526.6862
  625.9683
  474.4597
  316.5110
  407.9626
  341.6552
  475.0593
  478.4058
  545.3414
  365.3404
  513.2186
  370.5371
  444.0345
  314.6991
  257.4782
  253.0259
  237.6185

15
Functions

15-350