Page 1303
================================================================================

surface = [28.1 25.3 20.6 16.3 11.2  6.2  4.9  4.9  4.9  4.9  4.9  4.9
           22.7 19.8 15.4 12.6  9.6  6.7  5.2  5.2  5.2  5.2  5.2  5.2
           21.7 17.6 13.7 11.5  9.4  7.3  5.7  5.4  5.4  5.4  5.4  5.4
           19.8 16.4 12.9 11.1  9.3  7.6  6.2  5.6  5.6  5.6  5.6  5.6
           18.6 15.6 12.5 10.8  9.3  7.8  6.6  5.9  5.9  5.9  5.9  5.9
           17.4 13.8 11.7 10.8  9.9  9.1  8.5  7.9  7.4  7.3  7.3  7.3
           17.1 13.7 12.0 11.2 10.6 10.0  9.5  9.1  8.8  8.6  8.4  8.0
           17.5 13.9 12.5 11.9 11.4 10.9 10.5 10.2  9.9  9.6  9.4  9.0
           18.3 14.9 13.7 13.2 12.8 12.4 12.0 11.7 11.4 11.2 11.0 10.8
           19.2 19.6 14.2 13.9 13.4 13.0 13.2 12.5 12.1 11.9 11.8 11.4]/100;